
Iteration: 1	 Current a: 0.01	 Current sigma: [0.003 0.003 0.003 0.003 0.003 0.003 0.003 0.003 0.003 0.003 0.003 0.003]
	Current MSE: 1.44518121
	Change in MSE: 1.44518121
Iteration: 2	 Current a: 0.010000014901161194	 Current sigma: [0.003 0.003 0.003 0.003 0.003 0.003 0.003 0.003 0.003 0.003 0.003 0.003]
	Current MSE: 1.44518123
	Change in MSE: 0.00000002
Iteration: 3	 Current a: 0.01	 Current sigma: [0.00300001 0.003      0.003      0.003      0.003      0.003
 0.003      0.003      0.003      0.003      0.003      0.003     ]
	Current MSE: 1.44519515
	Change in MSE: 0.00001392
Iteration: 4	 Current a: 0.01	 Current sigma: [0.003      0.00300001 0.003      0.003      0.003      0.003
 0.003      0.003      0.003      0.003      0.003      0.003     ]
	Current MSE: 1.44518176
	Change in MSE: -0.00001339
Iteration: 5	 Current a: 0.01	 Current sigma: [0.003      0.003      0.00300001 0.003      0.003      0.003
 0.003      0.003      0.003      0.003      0.003      0.003     ]
	Current MSE: 1.44518125
	Change in MSE: -0.00000051
Iteration: 6	 Current a: 0.01	 Current sigma: [0.003      0.003      0.003      0.00300001 0.003      0.003
 0.003      0.003      0.003      0.003      0.003      0.003     ]
	Current MSE: 1.44518121
	Change in MSE: -0.00000003
Iteration: 7	 Current a: 0.01	 Current sigma: [0.003      0.003      0.003      0.003      0.00300001 0.003
 0.003      0.003      0.003      0.003      0.003      0.003     ]
	Current MSE: 1.44518121
	Change in MSE: -0.00000000
Iteration: 8	 Current a: 0.01	 Current sigma: [0.003      0.003      0.003      0.003      0.003      0.00300001
 0.003      0.003      0.003      0.003      0.003      0.003     ]
	Current MSE: 1.44518121
	Change in MSE: -0.00000000
Iteration: 9	 Current a: 0.01	 Current sigma: [0.003      0.003      0.003      0.003      0.003      0.003
 0.00300001 0.003      0.003      0.003      0.003      0.003     ]
	Current MSE: 1.44518121
	Change in MSE: -0.00000000
Iteration: 10	 Current a: 0.01	 Current sigma: [0.003      0.003      0.003      0.003      0.003      0.003
 0.003      0.00300001 0.003      0.003      0.003      0.003     ]
	Current MSE: 1.44518121
	Change in MSE: 0.00000000
Iteration: 11	 Current a: 0.01	 Current sigma: [0.003      0.003      0.003      0.003      0.003      0.003
 0.003      0.003      0.00300001 0.003      0.003      0.003     ]
	Current MSE: 1.44518121
	Change in MSE: 0.00000000
Iteration: 12	 Current a: 0.01	 Current sigma: [0.003      0.003      0.003      0.003      0.003      0.003
 0.003      0.003      0.003      0.00300001 0.003      0.003     ]
	Current MSE: 1.44518121
	Change in MSE: 0.00000000
Iteration: 13	 Current a: 0.01	 Current sigma: [0.003      0.003      0.003      0.003      0.003      0.003
 0.003      0.003      0.003      0.003      0.00300001 0.003     ]
	Current MSE: 1.44518121
	Change in MSE: 0.00000000
Iteration: 14	 Current a: 0.01	 Current sigma: [0.003      0.003      0.003      0.003      0.003      0.003
 0.003      0.003      0.003      0.003      0.003      0.00300001]
	Current MSE: 1.44518121
	Change in MSE: 0.00000000
Iteration: 15	 Current a: 0.005071211615642498	 Current sigma: [0.00151332 0.00157866 0.00159716 0.00161866 0.0020699  0.01124024
 0.00360577 0.003      0.003      0.003      0.003      0.003     ]
	Current MSE: 0.36128491
	Change in MSE: -1.08389630
Iteration: 16	 Current a: 0.005071226516803692	 Current sigma: [0.00151332 0.00157866 0.00159716 0.00161866 0.0020699  0.01124024
 0.00360577 0.003      0.003      0.003      0.003      0.003     ]
	Current MSE: 0.36128492
	Change in MSE: 0.00000000
Iteration: 17	 Current a: 0.005071211615642498	 Current sigma: [0.00151333 0.00157866 0.00159716 0.00161866 0.0020699  0.01124024
 0.00360577 0.003      0.003      0.003      0.003      0.003     ]
	Current MSE: 0.36129182
	Change in MSE: 0.00000690
Iteration: 18	 Current a: 0.005071211615642498	 Current sigma: [0.00151332 0.00157867 0.00159716 0.00161866 0.0020699  0.01124024
 0.00360577 0.003      0.003      0.003      0.003      0.003     ]
	Current MSE: 0.36128517
	Change in MSE: -0.00000665
Iteration: 19	 Current a: 0.005071211615642498	 Current sigma: [0.00151332 0.00157866 0.00159718 0.00161866 0.0020699  0.01124024
 0.00360577 0.003      0.003      0.003      0.003      0.003     ]
	Current MSE: 0.36128493
	Change in MSE: -0.00000024
Iteration: 20	 Current a: 0.005071211615642498	 Current sigma: [0.00151332 0.00157866 0.00159716 0.00161867 0.0020699  0.01124024
 0.00360577 0.003      0.003      0.003      0.003      0.003     ]
	Current MSE: 0.36128491
	Change in MSE: -0.00000002
Iteration: 21	 Current a: 0.005071211615642498	 Current sigma: [0.00151332 0.00157866 0.00159716 0.00161866 0.00206991 0.01124024
 0.00360577 0.003      0.003      0.003      0.003      0.003     ]
	Current MSE: 0.36128491
	Change in MSE: -0.00000000
Iteration: 22	 Current a: 0.005071211615642498	 Current sigma: [0.00151332 0.00157866 0.00159716 0.00161866 0.0020699  0.01124025
 0.00360577 0.003      0.003      0.003      0.003      0.003     ]
	Current MSE: 0.36128491
	Change in MSE: -0.00000000
Iteration: 23	 Current a: 0.005071211615642498	 Current sigma: [0.00151332 0.00157866 0.00159716 0.00161866 0.0020699  0.01124024
 0.00360578 0.003      0.003      0.003      0.003      0.003     ]
	Current MSE: 0.36128491
	Change in MSE: 0.00000000
Iteration: 24	 Current a: 0.005071211615642498	 Current sigma: [0.00151332 0.00157866 0.00159716 0.00161866 0.0020699  0.01124024
 0.00360577 0.00300001 0.003      0.003      0.003      0.003     ]
	Current MSE: 0.36128491
	Change in MSE: 0.00000000
Iteration: 25	 Current a: 0.005071211615642498	 Current sigma: [0.00151332 0.00157866 0.00159716 0.00161866 0.0020699  0.01124024
 0.00360577 0.003      0.00300001 0.003      0.003      0.003     ]
	Current MSE: 0.36128491
	Change in MSE: 0.00000000
Iteration: 26	 Current a: 0.005071211615642498	 Current sigma: [0.00151332 0.00157866 0.00159716 0.00161866 0.0020699  0.01124024
 0.00360577 0.003      0.003      0.00300001 0.003      0.003     ]
	Current MSE: 0.36128491
	Change in MSE: 0.00000000
Iteration: 27	 Current a: 0.005071211615642498	 Current sigma: [0.00151332 0.00157866 0.00159716 0.00161866 0.0020699  0.01124024
 0.00360577 0.003      0.003      0.003      0.00300001 0.003     ]
	Current MSE: 0.36128491
	Change in MSE: 0.00000000
Iteration: 28	 Current a: 0.005071211615642498	 Current sigma: [0.00151332 0.00157866 0.00159716 0.00161866 0.0020699  0.01124024
 0.00360577 0.003      0.003      0.003      0.003      0.00300001]
	Current MSE: 0.36128491
	Change in MSE: 0.00000000
Iteration: 29	 Current a: 0.002595576805129666	 Current sigma: [0.00076683 0.00086794 0.00089942 0.00093606 0.00236326 0.34056083
 0.00403307 0.00300046 0.003      0.003      0.003      0.003     ]
	Current MSE: 0.09313915
	Change in MSE: -0.26814576
Iteration: 30	 Current a: 0.00259559170629086	 Current sigma: [0.00076683 0.00086794 0.00089942 0.00093606 0.00236326 0.34056083
 0.00403307 0.00300046 0.003      0.003      0.003      0.003     ]
	Current MSE: 0.09313915
	Change in MSE: 0.00000000
Iteration: 31	 Current a: 0.002595576805129666	 Current sigma: [0.00076684 0.00086794 0.00089942 0.00093606 0.00236326 0.34056083
 0.00403307 0.00300046 0.003      0.003      0.003      0.003     ]
	Current MSE: 0.09314256
	Change in MSE: 0.00000340
Iteration: 32	 Current a: 0.002595576805129666	 Current sigma: [0.00076683 0.00086796 0.00089942 0.00093606 0.00236326 0.34056083
 0.00403307 0.00300046 0.003      0.003      0.003      0.003     ]
	Current MSE: 0.09313927
	Change in MSE: -0.00000329
Iteration: 33	 Current a: 0.002595576805129666	 Current sigma: [0.00076683 0.00086794 0.00089944 0.00093606 0.00236326 0.34056083
 0.00403307 0.00300046 0.003      0.003      0.003      0.003     ]
	Current MSE: 0.09313916
	Change in MSE: -0.00000011
Iteration: 34	 Current a: 0.002595576805129666	 Current sigma: [0.00076683 0.00086794 0.00089942 0.00093608 0.00236326 0.34056083
 0.00403307 0.00300046 0.003      0.003      0.003      0.003     ]
	Current MSE: 0.09313915
	Change in MSE: -0.00000001
Iteration: 35	 Current a: 0.002595576805129666	 Current sigma: [0.00076683 0.00086794 0.00089942 0.00093606 0.00236327 0.34056083
 0.00403307 0.00300046 0.003      0.003      0.003      0.003     ]
	Current MSE: 0.09313915
	Change in MSE: -0.00000000
Iteration: 36	 Current a: 0.002595576805129666	 Current sigma: [0.00076683 0.00086794 0.00089942 0.00093606 0.00236326 0.34056085
 0.00403307 0.00300046 0.003      0.003      0.003      0.003     ]
	Current MSE: 0.09313915
	Change in MSE: -0.00000000
Iteration: 37	 Current a: 0.002595576805129666	 Current sigma: [0.00076683 0.00086794 0.00089942 0.00093606 0.00236326 0.34056083
 0.00403309 0.00300046 0.003      0.003      0.003      0.003     ]
	Current MSE: 0.09313915
	Change in MSE: 0.00000000
Iteration: 38	 Current a: 0.002595576805129666	 Current sigma: [0.00076683 0.00086794 0.00089942 0.00093606 0.00236326 0.34056083
 0.00403307 0.00300047 0.003      0.003      0.003      0.003     ]
	Current MSE: 0.09313915
	Change in MSE: 0.00000000
Iteration: 39	 Current a: 0.002595576805129666	 Current sigma: [0.00076683 0.00086794 0.00089942 0.00093606 0.00236326 0.34056083
 0.00403307 0.00300046 0.00300001 0.003      0.003      0.003     ]
	Current MSE: 0.09313915
	Change in MSE: 0.00000000
Iteration: 40	 Current a: 0.002595576805129666	 Current sigma: [0.00076683 0.00086794 0.00089942 0.00093606 0.00236326 0.34056083
 0.00403307 0.00300046 0.003      0.00300001 0.003      0.003     ]
	Current MSE: 0.09313915
	Change in MSE: 0.00000000
Iteration: 41	 Current a: 0.002595576805129666	 Current sigma: [0.00076683 0.00086794 0.00089942 0.00093606 0.00236326 0.34056083
 0.00403307 0.00300046 0.003      0.003      0.00300001 0.003     ]
	Current MSE: 0.09313915
	Change in MSE: 0.00000000
Iteration: 42	 Current a: 0.002595576805129666	 Current sigma: [0.00076683 0.00086794 0.00089942 0.00093606 0.00236326 0.34056083
 0.00403307 0.00300046 0.003      0.003      0.003      0.00300001]
	Current MSE: 0.09313915
	Change in MSE: 0.00000000
Iteration: 43	 Current a: 0.0013558587476085538	 Current sigma: [3.92694613e-04 5.22144251e-04 5.69865145e-04 6.38790138e-04
 1.76873451e-02 7.56816181e-01 2.96050545e-01 3.02514370e-03
 3.00000000e-03 3.00000000e-03 3.00000000e-03 3.00000000e-03]
	Current MSE: 0.02739957
	Change in MSE: -0.06573958
Iteration: 44	 Current a: 0.0013558736487697476	 Current sigma: [3.92694613e-04 5.22144251e-04 5.69865145e-04 6.38790138e-04
 1.76873451e-02 7.56816181e-01 2.96050545e-01 3.02514370e-03
 3.00000000e-03 3.00000000e-03 3.00000000e-03 3.00000000e-03]
	Current MSE: 0.02739957
	Change in MSE: 0.00000000
Iteration: 45	 Current a: 0.0013558587476085538	 Current sigma: [3.92709514e-04 5.22144251e-04 5.69865145e-04 6.38790138e-04
 1.76873451e-02 7.56816181e-01 2.96050545e-01 3.02514370e-03
 3.00000000e-03 3.00000000e-03 3.00000000e-03 3.00000000e-03]
	Current MSE: 0.02740123
	Change in MSE: 0.00000166
Iteration: 46	 Current a: 0.0013558587476085538	 Current sigma: [3.92694613e-04 5.22159152e-04 5.69865145e-04 6.38790138e-04
 1.76873451e-02 7.56816181e-01 2.96050545e-01 3.02514370e-03
 3.00000000e-03 3.00000000e-03 3.00000000e-03 3.00000000e-03]
	Current MSE: 0.02739961
	Change in MSE: -0.00000161
Iteration: 47	 Current a: 0.0013558587476085538	 Current sigma: [3.92694613e-04 5.22144251e-04 5.69880046e-04 6.38790138e-04
 1.76873451e-02 7.56816181e-01 2.96050545e-01 3.02514370e-03
 3.00000000e-03 3.00000000e-03 3.00000000e-03 3.00000000e-03]
	Current MSE: 0.02739958
	Change in MSE: -0.00000004
Iteration: 48	 Current a: 0.0013558587476085538	 Current sigma: [3.92694613e-04 5.22144251e-04 5.69865145e-04 6.38805039e-04
 1.76873451e-02 7.56816181e-01 2.96050545e-01 3.02514370e-03
 3.00000000e-03 3.00000000e-03 3.00000000e-03 3.00000000e-03]
	Current MSE: 0.02739957
	Change in MSE: -0.00000000
Iteration: 49	 Current a: 0.0013558587476085538	 Current sigma: [3.92694613e-04 5.22144251e-04 5.69865145e-04 6.38790138e-04
 1.76873600e-02 7.56816181e-01 2.96050545e-01 3.02514370e-03
 3.00000000e-03 3.00000000e-03 3.00000000e-03 3.00000000e-03]
	Current MSE: 0.02739957
	Change in MSE: -0.00000000
Iteration: 50	 Current a: 0.0013558587476085538	 Current sigma: [3.92694613e-04 5.22144251e-04 5.69865145e-04 6.38790138e-04
 1.76873451e-02 7.56816196e-01 2.96050545e-01 3.02514370e-03
 3.00000000e-03 3.00000000e-03 3.00000000e-03 3.00000000e-03]
	Current MSE: 0.02739957
	Change in MSE: 0.00000000
Iteration: 51	 Current a: 0.0013558587476085538	 Current sigma: [3.92694613e-04 5.22144251e-04 5.69865145e-04 6.38790138e-04
 1.76873451e-02 7.56816181e-01 2.96050560e-01 3.02514370e-03
 3.00000000e-03 3.00000000e-03 3.00000000e-03 3.00000000e-03]
	Current MSE: 0.02739957
	Change in MSE: 0.00000000
Iteration: 52	 Current a: 0.0013558587476085538	 Current sigma: [3.92694613e-04 5.22144251e-04 5.69865145e-04 6.38790138e-04
 1.76873451e-02 7.56816181e-01 2.96050545e-01 3.02515860e-03
 3.00000000e-03 3.00000000e-03 3.00000000e-03 3.00000000e-03]
	Current MSE: 0.02739957
	Change in MSE: 0.00000000
Iteration: 53	 Current a: 0.0013558587476085538	 Current sigma: [3.92694613e-04 5.22144251e-04 5.69865145e-04 6.38790138e-04
 1.76873451e-02 7.56816181e-01 2.96050545e-01 3.02514370e-03
 3.00001490e-03 3.00000000e-03 3.00000000e-03 3.00000000e-03]
	Current MSE: 0.02739957
	Change in MSE: 0.00000000
Iteration: 54	 Current a: 0.0013558587476085538	 Current sigma: [3.92694613e-04 5.22144251e-04 5.69865145e-04 6.38790138e-04
 1.76873451e-02 7.56816181e-01 2.96050545e-01 3.02514370e-03
 3.00000000e-03 3.00001490e-03 3.00000000e-03 3.00000000e-03]
	Current MSE: 0.02739957
	Change in MSE: 0.00000000
Iteration: 55	 Current a: 0.0013558587476085538	 Current sigma: [3.92694613e-04 5.22144251e-04 5.69865145e-04 6.38790138e-04
 1.76873451e-02 7.56816181e-01 2.96050545e-01 3.02514370e-03
 3.00000000e-03 3.00000000e-03 3.00001490e-03 3.00000000e-03]
	Current MSE: 0.02739957
	Change in MSE: 0.00000000
Iteration: 56	 Current a: 0.0013558587476085538	 Current sigma: [3.92694613e-04 5.22144251e-04 5.69865145e-04 6.38790138e-04
 1.76873451e-02 7.56816181e-01 2.96050545e-01 3.02514370e-03
 3.00000000e-03 3.00000000e-03 3.00000000e-03 3.00001490e-03]
	Current MSE: 0.02739957
	Change in MSE: 0.00000000
Iteration: 57	 Current a: 0.000733686870853344	 Current sigma: [2.05217303e-04 3.80037396e-04 4.78551431e-04 5.86775423e-04
 9.99619737e-01 9.99903547e-01 9.29762201e-01 3.02514370e-03
 3.00000000e-03 3.00000000e-03 3.00000000e-03 3.00000000e-03]