
Iteration: 1	 Current a: 0.3333333333333333	 Current sigma: [0.002 0.002 0.002 0.003 0.003 0.003 0.004 0.004 0.004 0.005 0.005 0.005]
	Current MSE: 0.80992746
	Change in MSE: 0.80992746
Iteration: 2	 Current a: 0.33333366666666664	 Current sigma: [0.002 0.002 0.002 0.003 0.003 0.003 0.004 0.004 0.004 0.005 0.005 0.005]
	Current MSE: 0.80992767
	Change in MSE: 0.00000020
Iteration: 3	 Current a: 0.3333333333333333	 Current sigma: [0.002 0.002 0.002 0.003 0.003 0.003 0.004 0.004 0.004 0.005 0.005 0.005]
	Current MSE: 0.81516855
	Change in MSE: 0.00524088
Iteration: 4	 Current a: 0.3333333333333333	 Current sigma: [0.002 0.002 0.002 0.003 0.003 0.003 0.004 0.004 0.004 0.005 0.005 0.005]
	Current MSE: 0.81034110
	Change in MSE: -0.00482745
Iteration: 5	 Current a: 0.3333333333333333	 Current sigma: [0.002 0.002 0.002 0.003 0.003 0.003 0.004 0.004 0.004 0.005 0.005 0.005]
	Current MSE: 0.80992747
	Change in MSE: -0.00041364
Iteration: 6	 Current a: 0.3333333333333333	 Current sigma: [0.002 0.002 0.002 0.003 0.003 0.003 0.004 0.004 0.004 0.005 0.005 0.005]
	Current MSE: 0.80993210
	Change in MSE: 0.00000463
Iteration: 7	 Current a: 0.3333333333333333	 Current sigma: [0.002 0.002 0.002 0.003 0.003 0.003 0.004 0.004 0.004 0.005 0.005 0.005]
	Current MSE: 0.80992776
	Change in MSE: -0.00000434
Iteration: 8	 Current a: 0.3333333333333333	 Current sigma: [0.002 0.002 0.002 0.003 0.003 0.003 0.004 0.004 0.004 0.005 0.005 0.005]
	Current MSE: 0.80992746
	Change in MSE: -0.00000030
Iteration: 9	 Current a: 0.3333333333333333	 Current sigma: [0.002 0.002 0.002 0.003 0.003 0.003 0.004 0.004 0.004 0.005 0.005 0.005]
	Current MSE: 0.80992746
	Change in MSE: 0.00000000
Iteration: 10	 Current a: 0.3333333333333333	 Current sigma: [0.002 0.002 0.002 0.003 0.003 0.003 0.004 0.004 0.004 0.005 0.005 0.005]
	Current MSE: 0.80992746
	Change in MSE: 0.00000000
Iteration: 11	 Current a: 0.3333333333333333	 Current sigma: [0.002 0.002 0.002 0.003 0.003 0.003 0.004 0.004 0.004 0.005 0.005 0.005]
	Current MSE: 0.80992746
	Change in MSE: 0.00000000
Iteration: 12	 Current a: 0.3333333333333333	 Current sigma: [0.002      0.002      0.002      0.003      0.003      0.003
 0.004      0.004      0.004      0.00500001 0.005      0.005     ]
	Current MSE: 0.80992746
	Change in MSE: 0.00000000
Iteration: 13	 Current a: 0.3333333333333333	 Current sigma: [0.002      0.002      0.002      0.003      0.003      0.003
 0.004      0.004      0.004      0.005      0.00500001 0.005     ]
	Current MSE: 0.80992746
	Change in MSE: 0.00000000
Iteration: 14	 Current a: 0.3333333333333333	 Current sigma: [0.002      0.002      0.002      0.003      0.003      0.003
 0.004      0.004      0.004      0.005      0.005      0.00500001]
	Current MSE: 0.80992746
	Change in MSE: 0.00000000
Iteration: 15	 Current a: 0.2646972539809661	 Current sigma: [0.00199984 0.00200105 0.00196507 0.00299742 0.00295314 0.01820208
 0.00045    0.004      0.004      0.005      0.005      0.005     ]
	Current MSE: 0.78892915
	Change in MSE: -0.02099831
Iteration: 16	 Current a: 0.2646975186782201	 Current sigma: [0.00199984 0.00200105 0.00196507 0.00299742 0.00295314 0.01820208
 0.00045    0.004      0.004      0.005      0.005      0.005     ]
	Current MSE: 0.78892933
	Change in MSE: 0.00000018
Iteration: 17	 Current a: 0.2646972539809661	 Current sigma: [0.00199984 0.00200105 0.00196507 0.00299742 0.00295314 0.01820208
 0.00045    0.004      0.004      0.005      0.005      0.005     ]
	Current MSE: 0.78893067
	Change in MSE: 0.00000134
Iteration: 18	 Current a: 0.2646972539809661	 Current sigma: [0.00199984 0.00200105 0.00196507 0.00299742 0.00295314 0.01820208
 0.00045    0.004      0.004      0.005      0.005      0.005     ]
	Current MSE: 0.78892923
	Change in MSE: -0.00000145
Iteration: 19	 Current a: 0.2646972539809661	 Current sigma: [0.00199984 0.00200105 0.00196508 0.00299742 0.00295314 0.01820208
 0.00045    0.004      0.004      0.005      0.005      0.005     ]
	Current MSE: 0.78892916
	Change in MSE: -0.00000007
Iteration: 20	 Current a: 0.2646972539809661	 Current sigma: [0.00199984 0.00200105 0.00196507 0.00299742 0.00295314 0.01820208
 0.00045    0.004      0.004      0.005      0.005      0.005     ]
	Current MSE: 0.78892915
	Change in MSE: -0.00000001
Iteration: 21	 Current a: 0.2646972539809661	 Current sigma: [0.00199984 0.00200105 0.00196507 0.00299742 0.00295314 0.01820208
 0.00045    0.004      0.004      0.005      0.005      0.005     ]
	Current MSE: 0.78892915
	Change in MSE: -0.00000000
Iteration: 22	 Current a: 0.2646972539809661	 Current sigma: [0.00199984 0.00200105 0.00196507 0.00299742 0.00295314 0.0182021
 0.00045    0.004      0.004      0.005      0.005      0.005     ]
	Current MSE: 0.78892915
	Change in MSE: -0.00000000
Iteration: 23	 Current a: 0.2646972539809661	 Current sigma: [0.00199984 0.00200105 0.00196507 0.00299742 0.00295314 0.01820208
 0.00045    0.004      0.004      0.005      0.005      0.005     ]
	Current MSE: 0.78892915
	Change in MSE: 0.00000000
Iteration: 24	 Current a: 0.2646972539809661	 Current sigma: [0.00199984 0.00200105 0.00196507 0.00299742 0.00295314 0.01820208
 0.00045    0.004      0.004      0.005      0.005      0.005     ]
	Current MSE: 0.78892915
	Change in MSE: 0.00000000
Iteration: 25	 Current a: 0.2646972539809661	 Current sigma: [0.00199984 0.00200105 0.00196507 0.00299742 0.00295314 0.01820208
 0.00045    0.004      0.004      0.005      0.005      0.005     ]
	Current MSE: 0.78892915
	Change in MSE: 0.00000000
Iteration: 26	 Current a: 0.2646972539809661	 Current sigma: [0.00199984 0.00200105 0.00196507 0.00299742 0.00295314 0.01820208
 0.00045    0.004      0.004      0.00500001 0.005      0.005     ]
	Current MSE: 0.78892915
	Change in MSE: 0.00000000
Iteration: 27	 Current a: 0.2646972539809661	 Current sigma: [0.00199984 0.00200105 0.00196507 0.00299742 0.00295314 0.01820208
 0.00045    0.004      0.004      0.005      0.00500001 0.005     ]
	Current MSE: 0.78892915
	Change in MSE: 0.00000000
Iteration: 28	 Current a: 0.2646972539809661	 Current sigma: [0.00199984 0.00200105 0.00196507 0.00299742 0.00295314 0.01820208
 0.00045    0.004      0.004      0.005      0.005      0.00500001]
	Current MSE: 0.78892915
	Change in MSE: 0.00000000
Iteration: 29	 Current a: 0.2566301224597936	 Current sigma: [0.00101514 0.00121902 0.00175658 0.00298057 0.0029527  0.01820209
 0.00045    0.004      0.004      0.005      0.005      0.005     ]
	Current MSE: 0.19601587
	Change in MSE: -0.59291328
Iteration: 30	 Current a: 0.2566303790899161	 Current sigma: [0.00101514 0.00121902 0.00175658 0.00298057 0.0029527  0.01820209
 0.00045    0.004      0.004      0.005      0.005      0.005     ]
	Current MSE: 0.19601592
	Change in MSE: 0.00000004
Iteration: 31	 Current a: 0.2566301224597936	 Current sigma: [0.00101514 0.00121902 0.00175658 0.00298057 0.0029527  0.01820209
 0.00045    0.004      0.004      0.005      0.005      0.005     ]
	Current MSE: 0.19601625
	Change in MSE: 0.00000034
Iteration: 32	 Current a: 0.2566301224597936	 Current sigma: [0.00101514 0.00121902 0.00175658 0.00298057 0.0029527  0.01820209
 0.00045    0.004      0.004      0.005      0.005      0.005     ]
	Current MSE: 0.19601589
	Change in MSE: -0.00000036
Iteration: 33	 Current a: 0.2566301224597936	 Current sigma: [0.00101514 0.00121902 0.00175658 0.00298057 0.0029527  0.01820209
 0.00045    0.004      0.004      0.005      0.005      0.005     ]
	Current MSE: 0.19601588
	Change in MSE: -0.00000001
Iteration: 34	 Current a: 0.2566301224597936	 Current sigma: [0.00101514 0.00121902 0.00175658 0.00298057 0.0029527  0.01820209
 0.00045    0.004      0.004      0.005      0.005      0.005     ]
	Current MSE: 0.19601587
	Change in MSE: -0.00000000
Iteration: 35	 Current a: 0.2566301224597936	 Current sigma: [0.00101514 0.00121902 0.00175658 0.00298057 0.0029527  0.01820209
 0.00045    0.004      0.004      0.005      0.005      0.005     ]
	Current MSE: 0.19601587
	Change in MSE: -0.00000000
Iteration: 36	 Current a: 0.2566301224597936	 Current sigma: [0.00101514 0.00121902 0.00175658 0.00298057 0.0029527  0.01820211
 0.00045    0.004      0.004      0.005      0.005      0.005     ]
	Current MSE: 0.19601587
	Change in MSE: -0.00000000
Iteration: 37	 Current a: 0.2566301224597936	 Current sigma: [0.00101514 0.00121902 0.00175658 0.00298057 0.0029527  0.01820209
 0.00045    0.004      0.004      0.005      0.005      0.005     ]
	Current MSE: 0.19601587
	Change in MSE: 0.00000000
Iteration: 38	 Current a: 0.2566301224597936	 Current sigma: [0.00101514 0.00121902 0.00175658 0.00298057 0.0029527  0.01820209
 0.00045    0.004      0.004      0.005      0.005      0.005     ]
	Current MSE: 0.19601587
	Change in MSE: 0.00000000
Iteration: 39	 Current a: 0.2566301224597936	 Current sigma: [0.00101514 0.00121902 0.00175658 0.00298057 0.0029527  0.01820209
 0.00045    0.004      0.004      0.005      0.005      0.005     ]
	Current MSE: 0.19601587
	Change in MSE: 0.00000000
Iteration: 40	 Current a: 0.2566301224597936	 Current sigma: [0.00101514 0.00121902 0.00175658 0.00298057 0.0029527  0.01820209
 0.00045    0.004      0.004      0.00500001 0.005      0.005     ]
	Current MSE: 0.19601587
	Change in MSE: 0.00000000
Iteration: 41	 Current a: 0.2566301224597936	 Current sigma: [0.00101514 0.00121902 0.00175658 0.00298057 0.0029527  0.01820209
 0.00045    0.004      0.004      0.005      0.00500001 0.005     ]
	Current MSE: 0.19601587
	Change in MSE: 0.00000000
Iteration: 42	 Current a: 0.2566301224597936	 Current sigma: [0.00101514 0.00121902 0.00175658 0.00298057 0.0029527  0.01820209
 0.00045    0.004      0.004      0.005      0.005      0.00500001]
	Current MSE: 0.19601587
	Change in MSE: 0.00000000
Iteration: 43	 Current a: 0.22581179567219237	 Current sigma: [0.0005224  0.00071478 0.00137156 0.00292146 0.00295845 0.01820219
 0.00045    0.004      0.004      0.005      0.005      0.005     ]
	Current MSE: 0.05251777
	Change in MSE: -0.14349811
Iteration: 44	 Current a: 0.22581202148398805	 Current sigma: [0.0005224  0.00071478 0.00137156 0.00292146 0.00295845 0.01820219
 0.00045    0.004      0.004      0.005      0.005      0.005     ]
	Current MSE: 0.05251777
	Change in MSE: 0.00000001
Iteration: 45	 Current a: 0.22581179567219237	 Current sigma: [0.0005224  0.00071478 0.00137156 0.00292146 0.00295845 0.01820219
 0.00045    0.004      0.004      0.005      0.005      0.005     ]
	Current MSE: 0.05251786
	Change in MSE: 0.00000009
Iteration: 46	 Current a: 0.22581179567219237	 Current sigma: [0.0005224  0.00071478 0.00137156 0.00292146 0.00295845 0.01820219
 0.00045    0.004      0.004      0.005      0.005      0.005     ]
	Current MSE: 0.05251777
	Change in MSE: -0.00000009
Iteration: 47	 Current a: 0.22581179567219237	 Current sigma: [0.0005224  0.00071478 0.00137156 0.00292146 0.00295845 0.01820219
 0.00045    0.004      0.004      0.005      0.005      0.005     ]
	Current MSE: 0.05251777
	Change in MSE: -0.00000000
Iteration: 48	 Current a: 0.22581179567219237	 Current sigma: [0.0005224  0.00071478 0.00137156 0.00292146 0.00295845 0.01820219
 0.00045    0.004      0.004      0.005      0.005      0.005     ]
	Current MSE: 0.05251777
	Change in MSE: -0.00000000
Iteration: 49	 Current a: 0.22581179567219237	 Current sigma: [0.0005224  0.00071478 0.00137156 0.00292146 0.00295845 0.01820219
 0.00045    0.004      0.004      0.005      0.005      0.005     ]
	Current MSE: 0.05251777
	Change in MSE: -0.00000000
Iteration: 50	 Current a: 0.22581179567219237	 Current sigma: [0.0005224  0.00071478 0.00137156 0.00292146 0.00295845 0.01820221
 0.00045    0.004      0.004      0.005      0.005      0.005     ]
	Current MSE: 0.05251777
	Change in MSE: 0.00000000
Iteration: 51	 Current a: 0.22581179567219237	 Current sigma: [0.0005224  0.00071478 0.00137156 0.00292146 0.00295845 0.01820219
 0.00045    0.004      0.004      0.005      0.005      0.005     ]
	Current MSE: 0.05251777
	Change in MSE: 0.00000000
Iteration: 52	 Current a: 0.22581179567219237	 Current sigma: [0.0005224  0.00071478 0.00137156 0.00292146 0.00295845 0.01820219
 0.00045    0.004      0.004      0.005      0.005      0.005     ]
	Current MSE: 0.05251777
	Change in MSE: 0.00000000
Iteration: 53	 Current a: 0.22581179567219237	 Current sigma: [0.0005224  0.00071478 0.00137156 0.00292146 0.00295845 0.01820219
 0.00045    0.004      0.004      0.005      0.005      0.005     ]
	Current MSE: 0.05251777
	Change in MSE: 0.00000000
Iteration: 54	 Current a: 0.22581179567219237	 Current sigma: [0.0005224  0.00071478 0.00137156 0.00292146 0.00295845 0.01820219
 0.00045    0.004      0.004      0.00500001 0.005      0.005     ]
	Current MSE: 0.05251777
	Change in MSE: 0.00000000
Iteration: 55	 Current a: 0.22581179567219237	 Current sigma: [0.0005224  0.00071478 0.00137156 0.00292146 0.00295845 0.01820219
 0.00045    0.004      0.004      0.005      0.00500001 0.005     ]
	Current MSE: 0.05251777
	Change in MSE: 0.00000000
Iteration: 56	 Current a: 0.22581179567219237	 Current sigma: [0.0005224  0.00071478 0.00137156 0.00292146 0.00295845 0.01820219
 0.00045    0.004      0.004      0.005      0.005      0.00500001]
	Current MSE: 0.05251777
	Change in MSE: 0.00000000
Iteration: 57	 Current a: 0.16460638962037352	 Current sigma: [0.00027621 0.00047978 0.0010739  0.00288115 0.00574261 0.0182039
 0.00045006 0.004      0.004      0.005      0.005      0.005     ]
	Current MSE: 0.01769983
	Change in MSE: -0.03481793
Iteration: 58	 Current a: 0.16460655422676315	 Current sigma: [0.00027621 0.00047978 0.0010739  0.00288115 0.00574261 0.0182039
 0.00045006 0.004      0.004      0.005      0.005      0.005     ]
	Current MSE: 0.01769983
	Change in MSE: 0.00000000
Iteration: 59	 Current a: 0.16460638962037352	 Current sigma: [0.00027621 0.00047978 0.0010739  0.00288115 0.00574261 0.0182039
 0.00045006 0.004      0.004      0.005      0.005      0.005     ]
	Current MSE: 0.01769986
	Change in MSE: 0.00000002
Iteration: 60	 Current a: 0.16460638962037352	 Current sigma: [0.00027621 0.00047978 0.0010739  0.00288115 0.00574261 0.0182039
 0.00045006 0.004      0.004      0.005      0.005      0.005     ]
	Current MSE: 0.01769983
	Change in MSE: -0.00000002
Iteration: 61	 Current a: 0.16460638962037352	 Current sigma: [0.00027621 0.00047978 0.0010739  0.00288115 0.00574261 0.0182039
 0.00045006 0.004      0.004      0.005      0.005      0.005     ]
	Current MSE: 0.01769983
	Change in MSE: -0.00000000
Iteration: 62	 Current a: 0.16460638962037352	 Current sigma: [0.00027621 0.00047978 0.0010739  0.00288115 0.00574261 0.0182039
 0.00045006 0.004      0.004      0.005      0.005      0.005     ]
	Current MSE: 0.01769983
	Change in MSE: -0.00000000
Iteration: 63	 Current a: 0.16460638962037352	 Current sigma: [0.00027621 0.00047978 0.0010739  0.00288115 0.00574262 0.0182039
 0.00045006 0.004      0.004      0.005      0.005      0.005     ]
	Current MSE: 0.01769983
	Change in MSE: -0.00000000
Iteration: 64	 Current a: 0.16460638962037352	 Current sigma: [0.00027621 0.00047978 0.0010739  0.00288115 0.00574261 0.01820392
 0.00045006 0.004      0.004      0.005      0.005      0.005     ]
	Current MSE: 0.01769983
	Change in MSE: 0.00000000
Iteration: 65	 Current a: 0.16460638962037352	 Current sigma: [0.00027621 0.00047978 0.0010739  0.00288115 0.00574261 0.0182039
 0.00045006 0.004      0.004      0.005      0.005      0.005     ]
	Current MSE: 0.01769983
	Change in MSE: 0.00000000
Iteration: 66	 Current a: 0.16460638962037352	 Current sigma: [0.00027621 0.00047978 0.0010739  0.00288115 0.00574261 0.0182039
 0.00045006 0.004      0.004      0.005      0.005      0.005     ]
	Current MSE: 0.01769983
	Change in MSE: 0.00000000
Iteration: 67	 Current a: 0.16460638962037352	 Current sigma: [0.00027621 0.00047978 0.0010739  0.00288115 0.00574261 0.0182039
 0.00045006 0.004      0.004      0.005      0.005      0.005     ]
	Current MSE: 0.01769983
	Change in MSE: 0.00000000
Iteration: 68	 Current a: 0.16460638962037352	 Current sigma: [0.00027621 0.00047978 0.0010739  0.00288115 0.00574261 0.0182039
 0.00045006 0.004      0.004      0.00500001 0.005      0.005     ]
	Current MSE: 0.01769983
	Change in MSE: 0.00000000
Iteration: 69	 Current a: 0.16460638962037352	 Current sigma: [0.00027621 0.00047978 0.0010739  0.00288115 0.00574261 0.0182039
 0.00045006 0.004      0.004      0.005      0.00500001 0.005     ]
	Current MSE: 0.01769983
	Change in MSE: 0.00000000
Iteration: 70	 Current a: 0.16460638962037352	 Current sigma: [0.00027621 0.00047978 0.0010739  0.00288115 0.00574261 0.0182039
 0.00045006 0.004      0.004      0.005      0.005      0.00500001]
	Current MSE: 0.01769983
	Change in MSE: 0.00000000
Iteration: 71	 Current a: 0.09435275403340923	 Current sigma: [0.00015029 0.00041556 0.00122591 0.00461321 0.06128919 0.01927675
 0.00047019 0.004      0.004      0.005      0.005      0.005     ]
	Current MSE: 0.00955721
	Change in MSE: -0.00814263
Iteration: 72	 Current a: 0.09435284838616326	 Current sigma: [0.00015029 0.00041556 0.00122591 0.00461321 0.06128919 0.01927675
 0.00047019 0.004      0.004      0.005      0.005      0.005     ]
	Current MSE: 0.00955721
	Change in MSE: 0.00000000
Iteration: 73	 Current a: 0.09435275403340923	 Current sigma: [0.00015029 0.00041556 0.00122591 0.00461321 0.06128919 0.01927675
 0.00047019 0.004      0.004      0.005      0.005      0.005     ]
	Current MSE: 0.00955721
	Change in MSE: 0.00000001
Iteration: 74	 Current a: 0.09435275403340923	 Current sigma: [0.00015029 0.00041556 0.00122591 0.00461321 0.06128919 0.01927675
 0.00047019 0.004      0.004      0.005      0.005      0.005     ]
	Current MSE: 0.00955721
	Change in MSE: -0.00000001
Iteration: 75	 Current a: 0.09435275403340923	 Current sigma: [0.00015029 0.00041556 0.00122591 0.00461321 0.06128919 0.01927675
 0.00047019 0.004      0.004      0.005      0.005      0.005     ]
	Current MSE: 0.00955721
	Change in MSE: -0.00000000
Iteration: 76	 Current a: 0.09435275403340923	 Current sigma: [0.00015029 0.00041556 0.00122591 0.00461321 0.06128919 0.01927675
 0.00047019 0.004      0.004      0.005      0.005      0.005     ]
	Current MSE: 0.00955721
	Change in MSE: 0.00000000
Iteration: 77	 Current a: 0.09435275403340923	 Current sigma: [0.00015029 0.00041556 0.00122591 0.00461321 0.06128925 0.01927675
 0.00047019 0.004      0.004      0.005      0.005      0.005     ]
	Current MSE: 0.00955721
	Change in MSE: 0.00000000
Iteration: 78	 Current a: 0.09435275403340923	 Current sigma: [0.00015029 0.00041556 0.00122591 0.00461321 0.06128919 0.01927677
 0.00047019 0.004      0.004      0.005      0.005      0.005     ]
	Current MSE: 0.00955721
	Change in MSE: -0.00000000
Iteration: 79	 Current a: 0.09435275403340923	 Current sigma: [0.00015029 0.00041556 0.00122591 0.00461321 0.06128919 0.01927675
 0.00047019 0.004      0.004      0.005      0.005      0.005     ]
	Current MSE: 0.00955721
	Change in MSE: 0.00000000
Iteration: 80	 Current a: 0.09435275403340923	 Current sigma: [0.00015029 0.00041556 0.00122591 0.00461321 0.06128919 0.01927675
 0.00047019 0.004      0.004      0.005      0.005      0.005     ]
	Current MSE: 0.00955721
	Change in MSE: 0.00000000
Iteration: 81	 Current a: 0.09435275403340923	 Current sigma: [0.00015029 0.00041556 0.00122591 0.00461321 0.06128919 0.01927675
 0.00047019 0.004      0.004      0.005      0.005      0.005     ]
	Current MSE: 0.00955721
	Change in MSE: 0.00000000
Iteration: 82	 Current a: 0.09435275403340923	 Current sigma: [0.00015029 0.00041556 0.00122591 0.00461321 0.06128919 0.01927675
 0.00047019 0.004      0.004      0.00500001 0.005      0.005     ]
	Current MSE: 0.00955721
	Change in MSE: 0.00000000
Iteration: 83	 Current a: 0.09435275403340923	 Current sigma: [0.00015029 0.00041556 0.00122591 0.00461321 0.06128919 0.01927675
 0.00047019 0.004      0.004      0.005      0.00500001 0.005     ]
	Current MSE: 0.00955721
	Change in MSE: 0.00000000
Iteration: 84	 Current a: 0.09435275403340923	 Current sigma: [0.00015029 0.00041556 0.00122591 0.00461321 0.06128919 0.01927675
 0.00047019 0.004      0.004      0.005      0.005      0.00500001]
	Current MSE: 0.00955721
	Change in MSE: 0.00000000
Iteration: 85	 Current a: 0.05251843200310795	 Current sigma: [8.44313495e-05 1.05109168e-04 3.63200811e-02 5.27720080e-02
 6.34385809e-04 8.99833753e-02 8.54498787e-02 4.00000000e-03
 4.00000000e-03 5.00000000e-03 5.00000000e-03 5.00000000e-03]
	Current MSE: 0.00774764
	Change in MSE: -0.00180957
Iteration: 86	 Current a: 0.052518484521539954	 Current sigma: [8.44313495e-05 1.05109168e-04 3.63200811e-02 5.27720080e-02
 6.34385809e-04 8.99833753e-02 8.54498787e-02 4.00000000e-03
 4.00000000e-03 5.00000000e-03 5.00000000e-03 5.00000000e-03]
	Current MSE: 0.00774764
	Change in MSE: 0.00000000
Iteration: 87	 Current a: 0.05251843200310795	 Current sigma: [8.44314339e-05 1.05109168e-04 3.63200811e-02 5.27720080e-02
 6.34385809e-04 8.99833753e-02 8.54498787e-02 4.00000000e-03
 4.00000000e-03 5.00000000e-03 5.00000000e-03 5.00000000e-03]
	Current MSE: 0.00774764
	Change in MSE: 0.00000000
Iteration: 88	 Current a: 0.05251843200310795	 Current sigma: [8.44313495e-05 1.05109273e-04 3.63200811e-02 5.27720080e-02
 6.34385809e-04 8.99833753e-02 8.54498787e-02 4.00000000e-03
 4.00000000e-03 5.00000000e-03 5.00000000e-03 5.00000000e-03]
	Current MSE: 0.00774764
	Change in MSE: -0.00000000
Iteration: 89	 Current a: 0.05251843200310795	 Current sigma: [8.44313495e-05 1.05109168e-04 3.63201174e-02 5.27720080e-02
 6.34385809e-04 8.99833753e-02 8.54498787e-02 4.00000000e-03
 4.00000000e-03 5.00000000e-03 5.00000000e-03 5.00000000e-03]
	Current MSE: 0.00774764
	Change in MSE: 0.00000000
Iteration: 90	 Current a: 0.05251843200310795	 Current sigma: [8.44313495e-05 1.05109168e-04 3.63200811e-02 5.27720608e-02
 6.34385809e-04 8.99833753e-02 8.54498787e-02 4.00000000e-03
 4.00000000e-03 5.00000000e-03 5.00000000e-03 5.00000000e-03]
	Current MSE: 0.00774764
	Change in MSE: -0.00000000
Iteration: 91	 Current a: 0.05251843200310795	 Current sigma: [8.44313495e-05 1.05109168e-04 3.63200811e-02 5.27720080e-02
 6.34386443e-04 8.99833753e-02 8.54498787e-02 4.00000000e-03
 4.00000000e-03 5.00000000e-03 5.00000000e-03 5.00000000e-03]
	Current MSE: 0.00774764
	Change in MSE: -0.00000000
Iteration: 92	 Current a: 0.05251843200310795	 Current sigma: [8.44313495e-05 1.05109168e-04 3.63200811e-02 5.27720080e-02
 6.34385809e-04 8.99834653e-02 8.54498787e-02 4.00000000e-03
 4.00000000e-03 5.00000000e-03 5.00000000e-03 5.00000000e-03]
	Current MSE: 0.00774764
	Change in MSE: 0.00000000
Iteration: 93	 Current a: 0.05251843200310795	 Current sigma: [8.44313495e-05 1.05109168e-04 3.63200811e-02 5.27720080e-02
 6.34385809e-04 8.99833753e-02 8.54499642e-02 4.00000000e-03
 4.00000000e-03 5.00000000e-03 5.00000000e-03 5.00000000e-03]
	Current MSE: 0.00774764
	Change in MSE: 0.00000000
Iteration: 94	 Current a: 0.05251843200310795	 Current sigma: [8.44313495e-05 1.05109168e-04 3.63200811e-02 5.27720080e-02
 6.34385809e-04 8.99833753e-02 8.54498787e-02 4.00000400e-03
 4.00000000e-03 5.00000000e-03 5.00000000e-03 5.00000000e-03]
	Current MSE: 0.00774764
	Change in MSE: 0.00000000
Iteration: 95	 Current a: 0.05251843200310795	 Current sigma: [8.44313495e-05 1.05109168e-04 3.63200811e-02 5.27720080e-02
 6.34385809e-04 8.99833753e-02 8.54498787e-02 4.00000000e-03
 4.00000400e-03 5.00000000e-03 5.00000000e-03 5.00000000e-03]
	Current MSE: 0.00774764
	Change in MSE: 0.00000000
Iteration: 96	 Current a: 0.05251843200310795	 Current sigma: [8.44313495e-05 1.05109168e-04 3.63200811e-02 5.27720080e-02
 6.34385809e-04 8.99833753e-02 8.54498787e-02 4.00000000e-03
 4.00000000e-03 5.00000500e-03 5.00000000e-03 5.00000000e-03]
	Current MSE: 0.00774764
	Change in MSE: 0.00000000
Iteration: 97	 Current a: 0.05251843200310795	 Current sigma: [8.44313495e-05 1.05109168e-04 3.63200811e-02 5.27720080e-02
 6.34385809e-04 8.99833753e-02 8.54498787e-02 4.00000000e-03
 4.00000000e-03 5.00000000e-03 5.00000500e-03 5.00000000e-03]
	Current MSE: 0.00774764
	Change in MSE: 0.00000000
Iteration: 98	 Current a: 0.05251843200310795	 Current sigma: [8.44313495e-05 1.05109168e-04 3.63200811e-02 5.27720080e-02
 6.34385809e-04 8.99833753e-02 8.54498787e-02 4.00000000e-03
 4.00000000e-03 5.00000000e-03 5.00000000e-03 5.00000500e-03]
	Current MSE: 0.00774764
	Change in MSE: 0.00000000
Iteration: 99	 Current a: 0.0022327798021785847	 Current sigma: [3.60613844e-05 7.57804183e-04 3.07902774e-02 5.78828279e-02
 1.54702307e-02 8.99999169e-02 8.45504677e-02 4.00000000e-03
 4.00000000e-03 5.00000000e-03 5.00000000e-03 5.00000000e-03]
	Current MSE: 0.00759086
	Change in MSE: -0.00015678
Iteration: 100	 Current a: 0.002232782034958387	 Current sigma: [3.60613844e-05 7.57804183e-04 3.07902774e-02 5.78828279e-02
 1.54702307e-02 8.99999169e-02 8.45504677e-02 4.00000000e-03
 4.00000000e-03 5.00000000e-03 5.00000000e-03 5.00000000e-03]
	Current MSE: 0.00759086
	Change in MSE: -0.00000000
Iteration: 101	 Current a: 0.0022327798021785847	 Current sigma: [3.60614204e-05 7.57804183e-04 3.07902774e-02 5.78828279e-02
 1.54702307e-02 8.99999169e-02 8.45504677e-02 4.00000000e-03
 4.00000000e-03 5.00000000e-03 5.00000000e-03 5.00000000e-03]
	Current MSE: 0.00759086
	Change in MSE: -0.00000000
Iteration: 102	 Current a: 0.0022327798021785847	 Current sigma: [3.60613844e-05 7.57804941e-04 3.07902774e-02 5.78828279e-02
 1.54702307e-02 8.99999169e-02 8.45504677e-02 4.00000000e-03
 4.00000000e-03 5.00000000e-03 5.00000000e-03 5.00000000e-03]
	Current MSE: 0.00759086
	Change in MSE: 0.00000000
Iteration: 103	 Current a: 0.0022327798021785847	 Current sigma: [3.60613844e-05 7.57804183e-04 3.07903082e-02 5.78828279e-02
 1.54702307e-02 8.99999169e-02 8.45504677e-02 4.00000000e-03
 4.00000000e-03 5.00000000e-03 5.00000000e-03 5.00000000e-03]
	Current MSE: 0.00759086
	Change in MSE: 0.00000000
Iteration: 104	 Current a: 0.0022327798021785847	 Current sigma: [3.60613844e-05 7.57804183e-04 3.07902774e-02 5.78828857e-02
 1.54702307e-02 8.99999169e-02 8.45504677e-02 4.00000000e-03
 4.00000000e-03 5.00000000e-03 5.00000000e-03 5.00000000e-03]
	Current MSE: 0.00759086
	Change in MSE: -0.00000000
Iteration: 105	 Current a: 0.0022327798021785847	 Current sigma: [3.60613844e-05 7.57804183e-04 3.07902774e-02 5.78828279e-02
 1.54702462e-02 8.99999169e-02 8.45504677e-02 4.00000000e-03
 4.00000000e-03 5.00000000e-03 5.00000000e-03 5.00000000e-03]
	Current MSE: 0.00759086
	Change in MSE: -0.00000000
Iteration: 106	 Current a: 0.0022327798021785847	 Current sigma: [3.60613844e-05 7.57804183e-04 3.07902774e-02 5.78828279e-02
 1.54702307e-02 8.99998269e-02 8.45504677e-02 4.00000000e-03
 4.00000000e-03 5.00000000e-03 5.00000000e-03 5.00000000e-03]
	Current MSE: 0.00759086
	Change in MSE: 0.00000000
Iteration: 107	 Current a: 0.0022327798021785847	 Current sigma: [3.60613844e-05 7.57804183e-04 3.07902774e-02 5.78828279e-02
 1.54702307e-02 8.99999169e-02 8.45505523e-02 4.00000000e-03
 4.00000000e-03 5.00000000e-03 5.00000000e-03 5.00000000e-03]
	Current MSE: 0.00759086
	Change in MSE: -0.00000000
Iteration: 108	 Current a: 0.0022327798021785847	 Current sigma: [3.60613844e-05 7.57804183e-04 3.07902774e-02 5.78828279e-02
 1.54702307e-02 8.99999169e-02 8.45504677e-02 4.00000400e-03
 4.00000000e-03 5.00000000e-03 5.00000000e-03 5.00000000e-03]
	Current MSE: 0.00759086
	Change in MSE: 0.00000000
Iteration: 109	 Current a: 0.0022327798021785847	 Current sigma: [3.60613844e-05 7.57804183e-04 3.07902774e-02 5.78828279e-02
 1.54702307e-02 8.99999169e-02 8.45504677e-02 4.00000000e-03
 4.00000400e-03 5.00000000e-03 5.00000000e-03 5.00000000e-03]
	Current MSE: 0.00759086
	Change in MSE: 0.00000000
Iteration: 110	 Current a: 0.0022327798021785847	 Current sigma: [3.60613844e-05 7.57804183e-04 3.07902774e-02 5.78828279e-02
 1.54702307e-02 8.99999169e-02 8.45504677e-02 4.00000000e-03
 4.00000000e-03 5.00000500e-03 5.00000000e-03 5.00000000e-03]
	Current MSE: 0.00759086
	Change in MSE: 0.00000000
Iteration: 111	 Current a: 0.0022327798021785847	 Current sigma: [3.60613844e-05 7.57804183e-04 3.07902774e-02 5.78828279e-02
 1.54702307e-02 8.99999169e-02 8.45504677e-02 4.00000000e-03
 4.00000000e-03 5.00000000e-03 5.00000500e-03 5.00000000e-03]
	Current MSE: 0.00759086
	Change in MSE: 0.00000000
Iteration: 112	 Current a: 0.0022327798021785847	 Current sigma: [3.60613844e-05 7.57804183e-04 3.07902774e-02 5.78828279e-02
 1.54702307e-02 8.99999169e-02 8.45504677e-02 4.00000000e-03
 4.00000000e-03 5.00000000e-03 5.00000000e-03 5.00000500e-03]
	Current MSE: 0.00759086
	Change in MSE: 0.00000000
Iteration: 113	 Current a: 0.007168529600157082	 Current sigma: [4.20146419e-05 8.75009216e-04 2.98119888e-02 5.83661867e-02
 3.09397638e-02 8.99999169e-02 8.45504679e-02 4.00000000e-03
 4.00000000e-03 5.00000000e-03 5.00000000e-03 5.00000000e-03]
	Current MSE: 0.00757930
	Change in MSE: -0.00001156
Iteration: 114	 Current a: 0.007168536768686682	 Current sigma: [4.20146419e-05 8.75009216e-04 2.98119888e-02 5.83661867e-02
 3.09397638e-02 8.99999169e-02 8.45504679e-02 4.00000000e-03
 4.00000000e-03 5.00000000e-03 5.00000000e-03 5.00000000e-03]
	Current MSE: 0.00757930
	Change in MSE: -0.00000000
Iteration: 115	 Current a: 0.007168529600157082	 Current sigma: [4.20146839e-05 8.75009216e-04 2.98119888e-02 5.83661867e-02
 3.09397638e-02 8.99999169e-02 8.45504679e-02 4.00000000e-03
 4.00000000e-03 5.00000000e-03 5.00000000e-03 5.00000000e-03]
	Current MSE: 0.00757930
	Change in MSE: 0.00000000
Iteration: 116	 Current a: 0.007168529600157082	 Current sigma: [4.20146419e-05 8.75010091e-04 2.98119888e-02 5.83661867e-02
 3.09397638e-02 8.99999169e-02 8.45504679e-02 4.00000000e-03
 4.00000000e-03 5.00000000e-03 5.00000000e-03 5.00000000e-03]
	Current MSE: 0.00757930
	Change in MSE: 0.00000000
Iteration: 117	 Current a: 0.007168529600157082	 Current sigma: [4.20146419e-05 8.75009216e-04 2.98120186e-02 5.83661867e-02
 3.09397638e-02 8.99999169e-02 8.45504679e-02 4.00000000e-03
 4.00000000e-03 5.00000000e-03 5.00000000e-03 5.00000000e-03]
	Current MSE: 0.00757930
	Change in MSE: 0.00000000
Iteration: 118	 Current a: 0.007168529600157082	 Current sigma: [4.20146419e-05 8.75009216e-04 2.98119888e-02 5.83662450e-02
 3.09397638e-02 8.99999169e-02 8.45504679e-02 4.00000000e-03
 4.00000000e-03 5.00000000e-03 5.00000000e-03 5.00000000e-03]
	Current MSE: 0.00757930
	Change in MSE: -0.00000000
Iteration: 119	 Current a: 0.007168529600157082	 Current sigma: [4.20146419e-05 8.75009216e-04 2.98119888e-02 5.83661867e-02
 3.09397948e-02 8.99999169e-02 8.45504679e-02 4.00000000e-03
 4.00000000e-03 5.00000000e-03 5.00000000e-03 5.00000000e-03]
	Current MSE: 0.00757930
	Change in MSE: -0.00000000
Iteration: 120	 Current a: 0.007168529600157082	 Current sigma: [4.20146419e-05 8.75009216e-04 2.98119888e-02 5.83661867e-02
 3.09397638e-02 8.99998269e-02 8.45504679e-02 4.00000000e-03
 4.00000000e-03 5.00000000e-03 5.00000000e-03 5.00000000e-03]
	Current MSE: 0.00757930
	Change in MSE: 0.00000000
Iteration: 121	 Current a: 0.007168529600157082	 Current sigma: [4.20146419e-05 8.75009216e-04 2.98119888e-02 5.83661867e-02
 3.09397638e-02 8.99999169e-02 8.45505525e-02 4.00000000e-03
 4.00000000e-03 5.00000000e-03 5.00000000e-03 5.00000000e-03]
	Current MSE: 0.00757930
	Change in MSE: -0.00000000
Iteration: 122	 Current a: 0.007168529600157082	 Current sigma: [4.20146419e-05 8.75009216e-04 2.98119888e-02 5.83661867e-02
 3.09397638e-02 8.99999169e-02 8.45504679e-02 4.00000400e-03
 4.00000000e-03 5.00000000e-03 5.00000000e-03 5.00000000e-03]
	Current MSE: 0.00757930
	Change in MSE: 0.00000000
Iteration: 123	 Current a: 0.007168529600157082	 Current sigma: [4.20146419e-05 8.75009216e-04 2.98119888e-02 5.83661867e-02
 3.09397638e-02 8.99999169e-02 8.45504679e-02 4.00000000e-03
 4.00000400e-03 5.00000000e-03 5.00000000e-03 5.00000000e-03]
	Current MSE: 0.00757930
	Change in MSE: 0.00000000
Iteration: 124	 Current a: 0.007168529600157082	 Current sigma: [4.20146419e-05 8.75009216e-04 2.98119888e-02 5.83661867e-02
 3.09397638e-02 8.99999169e-02 8.45504679e-02 4.00000000e-03
 4.00000000e-03 5.00000500e-03 5.00000000e-03 5.00000000e-03]
	Current MSE: 0.00757930
	Change in MSE: 0.00000000
Iteration: 125	 Current a: 0.007168529600157082	 Current sigma: [4.20146419e-05 8.75009216e-04 2.98119888e-02 5.83661867e-02
 3.09397638e-02 8.99999169e-02 8.45504679e-02 4.00000000e-03
 4.00000000e-03 5.00000000e-03 5.00000500e-03 5.00000000e-03]
	Current MSE: 0.00757930
	Change in MSE: 0.00000000
Iteration: 126	 Current a: 0.007168529600157082	 Current sigma: [4.20146419e-05 8.75009216e-04 2.98119888e-02 5.83661867e-02
 3.09397638e-02 8.99999169e-02 8.45504679e-02 4.00000000e-03
 4.00000000e-03 5.00000000e-03 5.00000000e-03 5.00000500e-03]
	Current MSE: 0.00757930
	Change in MSE: 0.00000000
Iteration: 127	 Current a: 0.009461226260916647	 Current sigma: [4.19812969e-05 9.45344966e-04 2.93317370e-02 5.85984595e-02
 3.42880307e-02 8.99999169e-02 8.45504680e-02 4.00000000e-03
 4.00000000e-03 5.00000000e-03 5.00000000e-03 5.00000000e-03]
	Current MSE: 0.00760239
	Change in MSE: 0.00002309
Iteration: 128	 Current a: 0.0077182891124901445	 Current sigma: [4.20091949e-05 8.91889804e-04 2.96954317e-02 5.84221817e-02
 3.17790169e-02 8.99999169e-02 8.45504679e-02 4.00000000e-03
 4.00000000e-03 5.00000000e-03 5.00000000e-03 5.00000000e-03]
	Current MSE: 0.00757884
	Change in MSE: -0.00002355
Iteration: 129	 Current a: 0.007718296830779257	 Current sigma: [4.20091949e-05 8.91889804e-04 2.96954317e-02 5.84221817e-02
 3.17790169e-02 8.99999169e-02 8.45504679e-02 4.00000000e-03
 4.00000000e-03 5.00000000e-03 5.00000000e-03 5.00000000e-03]
	Current MSE: 0.00757884
	Change in MSE: -0.00000000
Iteration: 130	 Current a: 0.0077182891124901445	 Current sigma: [4.20092369e-05 8.91889804e-04 2.96954317e-02 5.84221817e-02
 3.17790169e-02 8.99999169e-02 8.45504679e-02 4.00000000e-03
 4.00000000e-03 5.00000000e-03 5.00000000e-03 5.00000000e-03]
	Current MSE: 0.00757884
	Change in MSE: 0.00000000
Iteration: 131	 Current a: 0.0077182891124901445	 Current sigma: [4.20091949e-05 8.91890696e-04 2.96954317e-02 5.84221817e-02
 3.17790169e-02 8.99999169e-02 8.45504679e-02 4.00000000e-03
 4.00000000e-03 5.00000000e-03 5.00000000e-03 5.00000000e-03]
	Current MSE: 0.00757884
	Change in MSE: -0.00000000
Iteration: 132	 Current a: 0.0077182891124901445	 Current sigma: [4.20091949e-05 8.91889804e-04 2.96954614e-02 5.84221817e-02
 3.17790169e-02 8.99999169e-02 8.45504679e-02 4.00000000e-03
 4.00000000e-03 5.00000000e-03 5.00000000e-03 5.00000000e-03]
	Current MSE: 0.00757884
	Change in MSE: 0.00000000
Iteration: 133	 Current a: 0.0077182891124901445	 Current sigma: [4.20091949e-05 8.91889804e-04 2.96954317e-02 5.84222402e-02
 3.17790169e-02 8.99999169e-02 8.45504679e-02 4.00000000e-03
 4.00000000e-03 5.00000000e-03 5.00000000e-03 5.00000000e-03]
	Current MSE: 0.00757884
	Change in MSE: -0.00000000
Iteration: 134	 Current a: 0.0077182891124901445	 Current sigma: [4.20091949e-05 8.91889804e-04 2.96954317e-02 5.84221817e-02
 3.17790487e-02 8.99999169e-02 8.45504679e-02 4.00000000e-03
 4.00000000e-03 5.00000000e-03 5.00000000e-03 5.00000000e-03]
	Current MSE: 0.00757884
	Change in MSE: -0.00000000
Iteration: 135	 Current a: 0.0077182891124901445	 Current sigma: [4.20091949e-05 8.91889804e-04 2.96954317e-02 5.84221817e-02
 3.17790169e-02 8.99998269e-02 8.45504679e-02 4.00000000e-03
 4.00000000e-03 5.00000000e-03 5.00000000e-03 5.00000000e-03]
	Current MSE: 0.00757884
	Change in MSE: 0.00000000
Iteration: 136	 Current a: 0.0077182891124901445	 Current sigma: [4.20091949e-05 8.91889804e-04 2.96954317e-02 5.84221817e-02
 3.17790169e-02 8.99999169e-02 8.45505525e-02 4.00000000e-03
 4.00000000e-03 5.00000000e-03 5.00000000e-03 5.00000000e-03]
	Current MSE: 0.00757884
	Change in MSE: -0.00000000
Iteration: 137	 Current a: 0.0077182891124901445	 Current sigma: [4.20091949e-05 8.91889804e-04 2.96954317e-02 5.84221817e-02
 3.17790169e-02 8.99999169e-02 8.45504679e-02 4.00000400e-03
 4.00000000e-03 5.00000000e-03 5.00000000e-03 5.00000000e-03]
	Current MSE: 0.00757884
	Change in MSE: 0.00000000
Iteration: 138	 Current a: 0.0077182891124901445	 Current sigma: [4.20091949e-05 8.91889804e-04 2.96954317e-02 5.84221817e-02
 3.17790169e-02 8.99999169e-02 8.45504679e-02 4.00000000e-03
 4.00000400e-03 5.00000000e-03 5.00000000e-03 5.00000000e-03]
	Current MSE: 0.00757884
	Change in MSE: 0.00000000
Iteration: 139	 Current a: 0.0077182891124901445	 Current sigma: [4.20091949e-05 8.91889804e-04 2.96954317e-02 5.84221817e-02
 3.17790169e-02 8.99999169e-02 8.45504679e-02 4.00000000e-03
 4.00000000e-03 5.00000500e-03 5.00000000e-03 5.00000000e-03]
	Current MSE: 0.00757884
	Change in MSE: 0.00000000
Iteration: 140	 Current a: 0.0077182891124901445	 Current sigma: [4.20091949e-05 8.91889804e-04 2.96954317e-02 5.84221817e-02
 3.17790169e-02 8.99999169e-02 8.45504679e-02 4.00000000e-03
 4.00000000e-03 5.00000000e-03 5.00000500e-03 5.00000000e-03]
	Current MSE: 0.00757884
	Change in MSE: 0.00000000
Iteration: 141	 Current a: 0.0077182891124901445	 Current sigma: [4.20091949e-05 8.91889804e-04 2.96954317e-02 5.84221817e-02
 3.17790169e-02 8.99999169e-02 8.45504679e-02 4.00000000e-03
 4.00000000e-03 5.00000000e-03 5.00000000e-03 5.00000500e-03]
	Current MSE: 0.00757884
	Change in MSE: 0.00000000
Iteration: 142	 Current a: 0.007851912992883955	 Current sigma: [4.20087106e-05 8.96643633e-04 2.96674127e-02 5.84354562e-02
 3.19878418e-02 8.99999169e-02 8.45504680e-02 4.00000000e-03
 4.00000000e-03 5.00000000e-03 5.00000000e-03 5.00000000e-03]
	Current MSE: 0.00757833
	Change in MSE: -0.00000051
Iteration: 143	 Current a: 0.007851920844796948	 Current sigma: [4.20087106e-05 8.96643633e-04 2.96674127e-02 5.84354562e-02
 3.19878418e-02 8.99999169e-02 8.45504680e-02 4.00000000e-03
 4.00000000e-03 5.00000000e-03 5.00000000e-03 5.00000000e-03]
	Current MSE: 0.00757833
	Change in MSE: -0.00000000
Iteration: 144	 Current a: 0.007851912992883955	 Current sigma: [4.20087526e-05 8.96643633e-04 2.96674127e-02 5.84354562e-02
 3.19878418e-02 8.99999169e-02 8.45504680e-02 4.00000000e-03
 4.00000000e-03 5.00000000e-03 5.00000000e-03 5.00000000e-03]
	Current MSE: 0.00757833
	Change in MSE: 0.00000000
Iteration: 145	 Current a: 0.007851912992883955	 Current sigma: [4.20087106e-05 8.96644530e-04 2.96674127e-02 5.84354562e-02
 3.19878418e-02 8.99999169e-02 8.45504680e-02 4.00000000e-03
 4.00000000e-03 5.00000000e-03 5.00000000e-03 5.00000000e-03]
	Current MSE: 0.00757833
	Change in MSE: -0.00000000
Iteration: 146	 Current a: 0.007851912992883955	 Current sigma: [4.20087106e-05 8.96643633e-04 2.96674424e-02 5.84354562e-02
 3.19878418e-02 8.99999169e-02 8.45504680e-02 4.00000000e-03
 4.00000000e-03 5.00000000e-03 5.00000000e-03 5.00000000e-03]
	Current MSE: 0.00757833
	Change in MSE: 0.00000000
Iteration: 147	 Current a: 0.007851912992883955	 Current sigma: [4.20087106e-05 8.96643633e-04 2.96674127e-02 5.84355147e-02
 3.19878418e-02 8.99999169e-02 8.45504680e-02 4.00000000e-03
 4.00000000e-03 5.00000000e-03 5.00000000e-03 5.00000000e-03]